#include <PCM.h>

const unsigned char bass_sample[] PROGMEM = {
  167, 166, 179, 197, 199, 191, 195, 214, 229, 230, 226, 226, 226, 227, 235, 241, 238, 234, 240, 245, 236, 228, 243, 255, 255, 255, 255, 242, 242, 255, 255, 255, 255, 255, 255, 255, 255, 255, 255, 255, 255, 255, 255, 255, 255, 255, 255, 255, 255, 255, 255, 255, 255, 255, 255, 255, 255, 255, 255, 255, 255, 255, 255, 255, 255, 255, 255, 255, 255, 255, 255, 255, 255, 255, 255, 255, 255, 255, 245, 227, 215, 216, 225, 228, 219, 205, 194, 189, 182, 167, 148, 140, 147, 158, 157, 138, 112, 97, 102, 115, 122, 119, 114, 109, 102, 95, 89, 84, 77, 71, 67, 63, 56, 49, 43, 30, 8, 0, 0, 0, 0, 0, 0, 0, 0, 0, 0, 0, 0, 0, 0, 0, 0, 0, 0, 0, 0, 0, 0, 0, 0, 0, 0, 0, 0, 0, 0, 0, 0, 0, 0, 0, 0, 0, 0, 0, 0, 0, 0, 0, 0, 0, 18, 34, 43, 52, 64, 76, 90, 105, 113, 113, 114, 122, 131, 136, 141, 146, 148, 147, 152, 163, 173, 178, 179, 182, 185, 187, 189, 190, 190, 193, 199, 206, 209, 211, 215, 221, 228, 237, 250, 255, 255, 255, 255, 255, 255, 255, 255, 255, 255, 255, 255, 255, 255, 255, 255, 255, 255, 255, 255, 255, 255, 255, 255, 255, 250, 236, 220, 211, 211, 212, 213, 215, 211, 198, 184, 180, 182, 182, 181, 185, 186, 179, 175, 182, 193, 196, 198, 208, 217, 217, 213, 217, 224, 233, 246, 255, 255, 255, 255, 255, 255, 255, 255, 255, 255, 255, 255, 255, 255, 255, 255, 255, 255, 255, 255, 255, 255, 255, 255, 255, 255, 255, 255, 255, 255, 255, 255, 255, 255, 255, 255, 253, 243, 230, 218, 209, 197, 182, 168, 162, 159, 152, 141, 134, 130, 125, 117, 108, 101, 91, 80, 75, 78, 77, 65, 48, 33, 21, 14, 16, 22, 19, 7, 0, 0, 0, 0, 0, 0, 0, 0, 0, 0, 0, 0, 0, 0, 0, 0, 0, 0, 0, 0, 0, 0, 0, 0, 0, 0, 0, 0, 0, 0, 0, 0, 0, 0, 0, 0, 0, 0, 0, 0, 0, 0, 0, 0, 0, 0, 0, 0, 0, 0, 0, 0, 0, 0, 0, 0, 0, 0, 7, 16, 20, 21, 24, 30, 34, 39, 45, 48, 47, 51, 64, 77, 80, 81, 89, 101, 110, 120, 133, 145, 149, 151, 156, 163, 169, 180, 196, 209, 212, 215, 224, 233, 237, 241, 251, 255, 255, 255, 255, 255, 255, 255, 255, 255, 255, 255, 255, 255, 255, 255, 255, 255, 255, 255, 255, 255, 255, 255, 255, 255, 255, 255, 255, 255, 255, 255, 255, 255, 255, 255, 255, 255, 255, 255, 255, 255, 255, 255, 255, 255, 255, 255, 255, 255, 255, 255, 255, 255, 255, 255, 255, 255, 255, 255, 255, 255, 255, 255, 255, 255, 255, 255, 255, 255, 255, 255, 255, 255, 255, 254, 245, 241, 237, 233, 228, 225, 223, 219, 215, 209, 200, 189, 178, 172, 168, 161, 150, 139, 131, 126, 119, 109, 97, 89, 82, 77, 72, 66, 57, 50, 46, 42, 31, 18, 11, 11, 11, 7, 2 
};

void setup()
{
// Ryan is the best
}

void loop()
{
  startPlayback(bass_sample, sizeof(bass_sample));
  delay(1000);
}

