#include <PCM.h>

const unsigned char snare_sample[] PROGMEM = {
126, 130, 132, 136, 135, 127, 123, 130, 136, 135, 132, 133, 132, 125, 119, 120, 123, 123, 127, 132, 129, 126, 129, 132, 129, 124, 123, 125, 127, 125, 124, 121, 116, 118, 130, 134, 127, 129, 134, 130, 129, 134, 133, 130, 133, 133, 125, 120, 128, 142, 142, 128, 120, 121, 123, 130, 141, 138, 125, 123, 126, 122, 115, 115, 119, 126, 129, 128, 126, 122, 119, 123, 127, 121, 124, 137, 137, 123, 120, 127, 133, 139, 143, 135, 124, 123, 133, 135, 127, 119, 121, 126, 130, 137, 141, 134, 124, 124, 125, 122, 121, 124, 128, 130, 128, 123, 119, 117, 122, 133, 133, 120, 117, 123, 120, 115, 126, 135, 133, 135, 137, 129, 127, 139, 148, 139, 124, 125, 137, 136, 124, 120, 119, 118, 132, 148, 139, 116, 110, 119, 128, 136, 140, 132, 114, 101, 105, 116, 123, 133, 143, 140, 132, 136, 142, 139, 132, 129, 127, 122, 121, 125, 120, 111, 116, 129, 132, 129, 131, 130, 127, 128, 136, 141, 130, 118, 131, 147, 141, 132, 131, 119, 107, 114, 121, 121, 123, 126, 131, 132, 122, 122, 135, 125, 105, 115, 130, 128, 135, 142, 125, 110, 116, 121, 117, 117, 133, 152, 144, 109, 75, 41, 43, 129, 222, 216, 165, 146, 134, 130, 177, 238, 255, 241, 227, 209, 162, 100, 71, 63, 30, 6, 25, 33, 19, 39, 73, 75, 77, 95, 98, 88, 95, 119, 128, 121, 135, 165, 168, 178, 227, 238, 181, 150, 171, 175, 168, 189, 205, 191, 180, 197, 212, 187, 144, 125, 114, 92, 87, 91, 74, 67, 80, 69, 46, 44, 46, 40, 44, 54, 60, 57, 48, 55, 74, 82, 108, 156, 170, 168, 205, 232, 210, 194, 197, 192, 191, 193, 186, 190, 202, 202, 194, 186, 174, 160, 139, 118, 117, 118, 101, 104, 123, 108, 88, 93, 88, 70, 72, 76, 57, 38, 32, 38, 54, 63, 65, 67, 67, 79, 114, 145, 150, 156, 171, 184, 196, 202, 191, 185, 204, 225, 216, 187, 168, 165, 162, 157, 155, 147, 133, 130, 135, 131, 119, 112, 116, 119, 115, 116, 120, 111, 94, 84, 73, 61, 63, 70, 68, 64, 62, 69, 91, 106, 107, 114, 122, 122, 129, 143, 147, 151, 161, 167, 174, 180, 173, 166, 168, 170, 178, 181, 162, 149, 164, 168, 154, 154, 157, 142, 136, 141, 125, 105, 115, 127, 113, 93, 91, 95, 90, 80, 76, 75, 70, 65, 63, 59, 69, 97, 113, 103, 97, 109, 125, 143, 163, 168, 167, 173, 172, 172, 184, 186, 178, 180, 174, 155, 165, 178, 155, 138, 146, 139, 130, 139, 133, 115, 113, 110, 104, 105, 94, 78, 84, 92, 93, 96, 85, 72, 83, 88, 80, 93, 111, 110, 117, 128, 126, 140, 153, 144, 159, 190, 181, 164, 173, 169, 162, 182, 185, 160, 142, 135, 129, 129, 124, 118, 120, 111, 102, 113, 115, 101, 101, 107, 107, 119, 125, 109, 108, 129, 131, 115, 108, 113, 116, 108, 103, 114, 123, 113, 108, 119, 133, 140, 140, 141, 150, 156, 152, 149, 146, 140, 142, 146, 142, 142, 150, 150, 142, 132, 128, 137, 139, 129, 127, 126, 119, 119, 115, 105, 115, 124, 99, 91, 119, 127, 112, 107, 101, 103, 120, 117, 105, 115, 119, 107, 115, 130, 132, 138, 143, 139, 139, 142, 146, 157, 159, 155, 165, 162, 143, 149, 157, 140, 141, 152, 129, 113, 128, 123, 109, 118, 117, 99, 104, 114, 109, 107, 107, 108, 114, 110, 100, 106, 121, 124, 119, 112, 114, 129, 132, 119, 120, 132, 139, 145, 145, 137, 144, 159, 153, 142, 143, 143, 138, 142, 146, 139, 136, 136, 133, 130, 132, 135, 133, 126, 121, 123, 126, 122, 115, 110, 109, 109, 106, 107, 112, 113, 111, 114, 119, 118, 117, 121, 127, 129, 126, 124, 123, 127, 136, 135, 128, 131, 142, 146, 142, 138, 136, 141, 152, 155, 145, 134, 134, 142, 140, 132, 132, 132, 123, 119, 121, 119, 116, 117, 114, 109, 113, 114, 111, 115, 122, 121, 121, 124, 122, 121, 132, 136, 129, 126, 132, 132, 119, 117, 128, 129, 130, 135, 136, 133, 134, 137, 136, 140, 141, 131, 130, 135, 131, 126, 127, 131, 132, 131, 128, 125, 125, 123, 120, 120, 125, 127, 119, 121, 128, 123, 117, 121, 123, 120, 130, 144, 134, 114, 114, 130, 141, 133, 123, 123, 130, 134, 128, 125, 132, 135, 125, 120, 130, 131, 126, 130, 132, 130, 130, 126, 121, 127, 134, 128, 126, 132, 127, 122, 125, 124, 124, 127, 130, 132, 123, 119, 131, 137, 124, 117, 131, 136, 127, 122, 123, 132, 134, 125, 126, 131, 126, 120, 129, 132, 122, 126, 136, 132, 128, 129, 128, 129, 134, 130, 120, 127, 133, 126, 123, 125, 126, 128, 128, 121, 116, 124, 133, 135, 128, 118, 116, 128 
};

void setup()
{
// Ryan is the best
}

void loop()
{
  startPlayback(snare_sample, sizeof(snare_sample));
  delay(1000);
}
